$ 1 0.000005 2.5790339917193066 59 5 50
R 576 256 528 256 0 2 2000 0.75 0 0 0.5
c 624 96 688 96 0 2.2000000000000002e-8 -2.48407118902817
r 912 192 912 256 0 10000
R 784 272 784 224 0 0 40 5 0 0 0.5
r 784 272 784 336 0 2700
r 784 336 784 416 0 2700
g 784 416 784 432 0
w 592 96 624 96 0
w 816 96 912 96 0
w 912 96 912 192 0
w 912 336 912 256 0
209 912 336 912 416 0 0.00001 2.5148777458840432 1
g 912 416 912 432 0
w 912 336 1056 336 0
401 1104 256 1200 256 0 8_15_-15_1000000_2.5148777458840432_2.0269247805870387_100000 0_20_10000000000 0
w 1056 336 1088 336 0
w 1088 336 1088 272 0
w 1088 272 1104 272 0
w 1104 240 1088 240 0
w 1088 240 1088 96 0
w 1088 96 912 96 0
r 1232 256 1232 192 0 1000
R 1232 192 1232 144 0 0 40 5 0 0 0.5
w 1232 256 1200 256 0
w 1232 256 1264 256 0
w 912 336 784 336 0
O 1264 256 1312 256 0
S 592 160 592 224 0 1 false 0 2
R 608 256 656 256 0 2 4000 0.75 0 0 0.5
w 592 96 592 160 0
w 576 224 576 256 0
w 608 224 608 256 0
207 592 96 592 64 0 cassette input
r 688 96 816 96 0 4700
r 816 96 816 32 0 220000
R 816 32 816 0 0 0 40 5 0 0 0.5
o 7 2 0 4098 5 0.00009765625 0 3 19 0 16 0
o 26 2 0 4098 5 0.1 1 1
