$ 1 0.000005 2.803162489452614 59 5 50
R 496 432 448 432 0 2 2000 0.775 0 0 0.5
c 576 272 640 272 0 2.2000000000000002e-8 -2.502862289745567
r 688 272 768 272 0 10000
r 832 240 832 144 0 470000
R 832 96 832 48 0 0 40 5 0 0 0.5
r 832 304 832 368 0 10000
R 704 384 704 336 0 0 40 5 0 0 0.5
r 704 416 704 480 0 2700
r 704 528 704 608 0 2700
g 704 640 704 672 0
w 512 272 576 272 0
w 640 272 688 272 0
w 768 272 832 272 0
w 832 272 832 240 0
w 832 272 832 304 0
w 832 96 832 144 0
w 704 384 704 416 0
w 704 608 704 640 0
w 832 512 832 368 0
209 832 560 832 608 0 0.00001 2.5073015580518074 1
g 832 656 832 672 0
w 832 560 832 512 0
w 832 656 832 608 0
r 880 512 976 512 0 4700
w 832 512 880 512 0
401 1024 432 1120 432 0 0_15_-15_1000000_2.5592097562456377_2.147923166805017 0_20_10000000000 0
w 976 512 1008 512 0
w 1008 512 1008 448 0
w 1008 448 1024 448 0
r 1040 512 1104 512 0 220000
w 1152 512 1104 512 0
w 1024 416 1008 416 0
w 1008 416 1008 272 0
w 1008 272 832 272 0
r 1152 384 1152 320 0 1000
R 1152 288 1152 240 0 0 40 5 0 0 0.5
w 1152 288 1152 320 0
w 1152 432 1152 512 0
w 1152 432 1120 432 0
w 1152 432 1280 432 0
w 832 512 704 512 0
w 704 512 704 480 0
w 704 512 704 528 0
O 1280 432 1328 432 0
S 512 336 512 400 0 0 false 0 2
R 528 432 576 432 0 2 4000 0.775 0 0 0.5
w 512 272 512 336 0
w 496 400 496 432 0
w 528 400 528 432 0
w 1152 384 1152 432 0
w 1040 512 1008 512 0
o 10 2 0 4098 1.25 0.00009765625 0 2 10 3
o 43 2 0 4098 5 0.1 1 1
o 32 2 0 4098 5 0.00009765625 2 2 32 3
o 27 2 0 4098 5 0.00009765625 3 2 27 3
