$ 1 0.000005 14.235633750745258 50 5 50
R 448 240 336 240 4 5 40 5 0 0 0.5
w 448 240 544 240 0
! default 0 D,CLK,/SD,/RD Q,/Q custom\slogic ??01\s??\q10\n??10\s??\q01\n??11\s00\q10\n0\p11\s??\q01\n1\p11\s??\q10\n??11\sAB\qAB\n
208 544 208 592 208 0 default 5 0
w 640 208 736 208 0
R 224 80 224 32 0 0 40 5 0 0 0.5
r 256 80 336 80 0 10000
w 384 80 384 112 0
w 384 112 320 112 0
s 320 112 272 112 0 1 false
w 272 112 224 112 0
g 224 112 224 144 0
w 384 112 384 208 0
w 384 208 544 208 0
w 336 80 384 80 0
w 256 80 224 80 0
w 256 416 224 416 0
w 336 416 384 416 0
g 224 448 224 480 0
w 272 448 224 448 0
s 320 448 272 448 0 1 false
w 384 448 320 448 0
r 256 416 336 416 0 10000
R 224 416 224 368 0 0 40 5 0 0 0.5
207 384 144 432 144 0 /M1
w 384 416 384 448 0
208 832 208 880 208 0 default 5 0
w 448 240 448 384 0
w 448 384 736 384 0
w 736 384 736 240 0
w 736 240 832 240 0
w 736 208 832 208 0
w 928 208 992 208 0
w 992 208 992 448 0
w 992 448 480 448 0
w 480 448 480 272 0
w 480 272 544 272 0
w 768 416 768 272 0
w 768 272 832 272 0
w 384 416 512 416 0
w 512 416 512 304 0
w 512 304 544 304 0
w 512 416 768 416 0
w 736 208 736 96 0
w 736 96 992 96 0
207 992 96 1056 96 0 /WAIT
207 384 416 384 368 0 /EXTWAIT
R 800 352 800 400 0 0 40 5 0 0 0.5
w 800 352 800 304 0
w 800 304 832 304 0
o 23 64 0 4099 0.0000762939453125 0.00009765625 0 2 23 3
o 0 32 0 4099 5 0.00009765625 1 2 0 3
o 45 64 0 4099 5 0.00009765625 2 2 45 3
o 44 64 0 4099 5 0.00009765625 3 2 44 3

