$ 1 7.054176072234763e-9 45.7144713268909 50 5 50
159 480 288 576 288 0 20 10000000000
w 480 288 432 288 0
g 432 288 432 352 0
w 576 288 640 288 0
r 640 288 640 176 0 1000
R 640 176 640 128 0 0 40 5 0 0 0.5
159 752 240 848 240 0 20 10000000000
w 640 288 800 288 0
w 800 288 800 256 0
w 720 240 752 240 0
w 848 240 896 240 0
c 896 240 896 320 0 1e-8 2.3324169158061467
g 896 320 896 352 0
a 1024 256 1120 256 1 15 -15 1000000 2.332393591870228 2.3324169158061467
w 896 240 1024 240 0
w 1024 272 1008 272 0
w 1008 272 1008 336 0
w 1008 336 1120 336 0
w 1120 336 1120 256 0
w 1120 256 1168 256 0
O 1168 256 1232 256 0
R 160 80 112 80 0 1 4430000 1 3.3 0 0.5
R 160 272 112 272 4 5 625 5 -0.3 0 0.9
w 160 272 208 272 0
160 320 96 256 96 1 20 10000000000
w 208 112 256 112 0
w 256 80 160 80 0
w 208 272 288 272 0
w 288 272 288 112 0
w 320 96 384 96 0
w 208 336 208 432 0
w 208 432 528 432 0
w 528 432 528 304 0
207 384 96 384 48 0 B-Y
207 208 336 256 336 0 ~CSYNC
w 208 336 208 272 0
w 384 96 720 96 0
w 720 96 720 240 0
R 160 160 112 160 0 0 20 2.3 0 0 0.5
w 208 112 208 160 0
w 208 160 160 160 0
b 64 0 419 231 0
x 82 206 236 209 4 24 B-Y\ssimulation
o 33 64 0 4099 5 0.00009765625 0 4 33 3 34 0 34 3
o 20 64 0 4098 10 0.1 1 1
