$ 1 0.000005 4.252108200006279 50 5 50
a 560 96 672 96 1 5 0 1000000 0.003100365664124527 0.0031004098608265473
R 304 80 272 80 0 1 40 0.35000000000000003 0.35000000000000003 0 0.5
207 336 80 336 16 0 Y
w 304 80 336 80 0
w 336 80 560 80 0
r 592 160 656 160 0 200
w 672 96 704 96 0
w 704 96 704 160 0
w 704 160 656 160 0
w 592 160 512 160 0
r 512 160 512 224 0 470
g 512 224 512 256 0
w 512 160 512 112 0
w 512 112 560 112 0
207 704 96 704 16 0 Y'
207 704 320 704 240 0 R-Y
w 512 336 560 336 0
w 512 384 512 336 0
g 512 448 512 480 0
r 512 384 512 448 0 470
w 592 384 512 384 0
w 704 384 656 384 0
w 704 320 704 384 0
w 672 320 704 320 0
r 592 384 656 384 0 470
a 560 320 672 320 1 5 0 1000000 0.09652076248599527 0.09652269290124499
w 336 304 560 304 0
w 304 304 336 304 0
207 336 304 336 240 0 Pr
R 304 304 272 304 0 1 60 0.35000000000000003 0.35000000000000003 0 0.5
R 304 528 272 528 0 1 80 0.35000000000000003 0.35000000000000003 0 0.5
207 336 528 336 464 0 Pb
w 304 528 336 528 0
w 336 528 560 528 0
a 560 544 672 544 1 5 0 1000000 0.2865702863984527 0.2865775421142147
r 592 608 656 608 0 720
w 672 544 704 544 0
w 704 544 704 608 0
w 704 608 656 608 0
w 592 608 512 608 0
r 512 608 512 672 0 470
g 512 672 512 704 0
w 512 608 512 560 0
w 512 560 560 560 0
207 704 544 704 464 0 B-Y
a 1072 112 1184 112 1 5 0 1000000 0.09872862301480059 0.09873059758726088
w 704 96 736 96 0
r 784 96 848 96 0 470
w 848 96 896 96 0
w 1024 96 1072 96 0
r 816 144 896 144 0 470
w 896 96 896 144 0
w 704 320 768 320 0
w 768 320 768 144 0
r 1136 176 1200 176 0 470
w 1248 176 1200 176 0
w 1136 176 1056 176 0
r 1056 176 1056 240 0 470
g 1056 240 1056 272 0
w 1056 176 1056 128 0
w 1072 128 1056 128 0
w 1184 112 1248 112 0
w 1248 112 1248 176 0
w 1248 112 1328 112 0
c 1328 112 1376 112 0 1.0000000000000001e-7 1.4660195279958543e-10
207 1376 112 1456 112 0 R
207 1376 336 1456 336 0 G
c 1328 336 1376 336 0 1.0000000000000001e-7 1.940594562941075e-8
w 1248 336 1328 336 0
w 1248 336 1248 400 0
w 1184 336 1248 336 0
w 1072 352 1056 352 0
w 1056 400 1056 352 0
w 1136 400 1056 400 0
w 1248 400 1200 400 0
r 1136 400 1200 400 0 470
w 976 320 1072 320 0
a 1072 336 1184 336 1 5 0 1000000 0.13752708951709613 0.002606329981133545
w 768 144 816 144 0
w 736 96 784 96 0
w 736 96 736 192 0
w 736 192 800 192 0
r 800 192 880 192 0 327
g 880 256 880 288 0
r 880 192 880 256 0 470
w 896 96 1024 96 0
w 880 192 976 192 0
w 976 192 976 320 0
w 768 320 768 400 0
w 768 400 832 400 0
r 832 400 912 400 0 922
w 912 400 960 400 0
w 960 400 1056 400 0
r 832 448 912 448 0 2530
w 832 448 768 448 0
w 768 448 768 544 0
w 768 544 704 544 0
w 912 448 1056 448 0
w 1056 448 1056 400 0
w 912 544 1024 544 0
207 1376 560 1456 560 0 B
c 1328 560 1376 560 0 1.0000000000000001e-7 1.1425593804403888e-10
w 1248 560 1328 560 0
w 1248 560 1248 624 0
w 1184 560 1248 560 0
w 1072 576 1056 576 0
w 1056 624 1056 576 0
g 1056 688 1056 720 0
r 1056 624 1056 688 0 470
w 1136 624 1056 624 0
w 1248 624 1200 624 0
r 1136 624 1200 624 0 470
w 1024 544 1072 544 0
a 1072 560 1184 560 1 5 0 1000000 0.3649883234347251 0.36499562320119383
r 832 496 912 496 0 470
w 912 496 912 544 0
w 832 496 736 496 0
w 736 496 736 192 0
r 832 544 912 544 0 470
w 832 544 768 544 0
o 2 16 0 4098 1.25 0.1 0 6 2 3 28 0 28 3 31 0 31 3
o 65 16 0 4099 5 0.00009765625 1 6 65 3 66 0 66 3 100 0 100 3
