$ 1 0.000005 10.20027730826997 50 5 50
209 384 304 448 304 0 0.00001 2.209922192909062 1
r 528 304 624 304 0 4700
c 704 352 704 400 0 2.2000000000000002e-8 0.001
r 768 304 848 304 0 4700
r 928 320 928 384 0 100
g 704 432 704 464 0
g 928 432 928 464 0
w 448 304 528 304 0
w 624 304 768 304 0
w 848 304 928 304 0
w 928 304 928 320 0
w 928 432 928 384 0
w 704 304 704 352 0
O 1024 304 1104 304 0
w 1024 304 928 304 0
R 352 304 304 304 0 2 1200 2.5 2.5 0 0.5
w 352 304 384 304 0
w 704 400 704 432 0
o 15 8 0 4098 10 0.003125 0 2 15 3
o 13 8 0 4098 0.15625 0.1 1 1
