$ 1 0.000005 10.20027730826997 50 5 50
S 528 128 416 128 0 1 false 0 2
R 416 112 416 80 0 0 40 5 0 0 0.5
g 416 144 416 160 0
207 528 128 528 80 0 /RD
207 528 272 528 224 0 /IORQ
g 416 288 416 304 0
R 416 256 416 224 0 0 40 5 0 0 0.5
S 528 272 416 272 0 1 false 0 2
S 528 416 416 416 0 1 false 0 2
R 416 400 416 368 0 0 40 5 0 0 0.5
g 416 432 416 448 0
207 528 416 528 368 0 /M1
w 528 128 800 128 0
w 528 272 640 272 0
w 640 272 640 304 0
w 528 416 640 416 0
w 640 416 640 336 0
w 800 320 800 160 0
207 960 144 960 96 0 DIR
152 640 320 800 320 0 2 5 5
150 800 144 960 144 0 2 5 5
o 3 64 0 4099 5 0.00009765625 0 2 3 3
o 4 64 0 4099 5 0.00009765625 1 2 4 3
o 11 64 0 4099 5 0.00009765625 2 2 11 3
o 18 64 0 4099 5 0.00009765625 3 2 18 3

