$ 1 0.000005 10.20027730826997 50 5 50
! 74138 0 /E1,/E2,E3,A0,A1,A2 /Y0,/Y1,/Y2,/Y3,/Y4,/Y5,/Y6,/Y7 74138 001\s000\q01111111\n001\s100\q10111111\n001\s010\q11011111\n001\s110\q11101111\n001\s001\q11110111\n001\s101\q11111011\n001\s011\q11111101\n001\s111\q11111110\n???\s???\q11111111\n
208 880 144 960 144 0 74138 5 5 5 5 5 5 5 5
S 240 352 176 352 0 0 false 0 2
R 176 336 144 336 0 0 40 5 0 0 0.5
g 176 368 160 368 0
207 240 352 240 336 0 ADDR3
207 240 416 240 400 0 ADDR4
g 176 432 160 432 0
R 176 400 144 400 0 0 40 5 0 0 0.5
S 240 416 176 416 0 0 false 0 2
S 240 480 176 480 0 0 false 0 2
R 176 464 144 464 0 0 40 5 0 0 0.5
g 176 496 160 496 0
207 240 480 240 464 0 ADDR5
w 880 240 736 240 0
w 880 272 768 272 0
w 768 272 768 416 0
w 768 416 240 416 0
w 240 480 800 480 0
w 800 480 800 304 0
w 800 304 880 304 0
w 240 352 736 352 0
w 736 352 736 240 0
I 352 80 416 80 0 0.5 5
152 416 96 528 96 0 2 0 5
207 240 80 240 64 0 ADDR7
g 176 96 160 96 0
R 176 64 144 64 0 0 40 5 0 0 0.5
S 240 80 176 80 0 1 false 0 2
S 240 144 176 144 0 0 false 0 2
R 176 128 144 128 0 0 40 5 0 0 0.5
g 176 160 160 160 0
207 240 144 240 128 0 ADDR6
w 352 80 240 80 0
w 240 144 352 144 0
w 352 144 352 112 0
w 352 112 416 112 0
w 528 96 800 96 0
w 800 96 800 144 0
w 800 144 880 144 0
w 240 208 352 208 0
207 240 208 240 192 0 /IOREQ
g 176 224 160 224 0
R 176 192 144 192 0 0 40 5 0 0 0.5
S 240 208 176 208 0 1 false 0 2
S 240 272 176 272 0 1 false 0 2
R 176 256 144 256 0 0 40 5 0 0 0.5
g 176 288 160 288 0
207 240 272 240 256 0 /M1
w 240 272 352 272 0
w 352 208 672 208 0
w 672 208 672 176 0
w 672 176 880 176 0
w 352 272 704 272 0
w 704 272 704 208 0
w 704 208 880 208 0
p 976 176 1072 176 1 0
p 976 144 1072 144 1 0
p 976 208 1072 208 1 0
p 976 240 1072 240 1 0
p 976 368 1072 368 1 0
p 976 336 1072 336 1 0
p 976 272 1072 272 1 0
p 976 304 1072 304 1 0

