$ 1 7.054176072234763e-9 19.867427341514983 50 5 50
R 224 176 176 176 0 1 4430000 0.5 2.8 0 0.5
R 224 304 176 304 4 5 31250 5 0 0 0.9
R 224 240 160 240 0 0 40 1.92 0 0 0.5
160 384 208 288 208 1 20 10000000000
w 288 192 288 176 0
w 288 176 224 176 0
w 224 240 288 240 0
w 288 240 288 224 0
w 336 224 336 304 0
w 336 304 224 304 0
w 384 208 448 208 0
207 336 304 400 304 0 CSYNC
207 384 208 384 160 0 Y
209 448 208 528 208 0 0.00001 2.418553053772619 1
w 528 208 736 208 0
d 736 464 736 208 1 0.805904783
R 624 336 624 288 0 0 40 5 0 0 0.5
w 624 400 592 400 0
w 624 400 656 400 0
r 624 336 624 400 0 470
d 592 400 592 464 1 0.805904783
d 592 464 592 528 1 0.805904783
174 656 400 656 528 0 100 0.4307 Resistance
w 592 528 624 528 0
w 624 528 656 528 0
g 624 528 624 560 0
w 672 464 736 464 0
209 736 528 736 464 0 0.00009999999999999999 -0.0935866523316679 1
w 736 528 656 528 0
O 960 208 1040 208 0
p 816 464 816 528 1 0
w 816 528 736 528 0
w 736 464 816 464 0
w 736 208 960 208 0
r 960 208 960 288 0 450
g 960 288 960 336 0
o 10 8 0 13058 3.262487655978652 0.0001 0 2 10 3
o 29 8 0 13058 0.8478580907646545 0.0001 0 1
