$ 1 7.054176072234763e-9 27.727228452313398 50 5 50
R 160 176 112 176 0 1 4430000 0.5 2.8 0 0.5
R 272 400 224 400 4 5 31250 5 0 0 0.9
w 384 208 320 208 0
w 624 288 624 400 0
w 624 400 272 400 0
w 384 208 448 208 0
207 624 400 688 400 0 CSYNC
207 384 208 384 160 0 Y
209 448 208 576 208 0 0.00001 1.3824199742222747 1
O 960 208 1040 208 0
w 736 208 960 208 0
r 960 208 960 288 0 10000
g 960 288 960 336 0
159 576 272 672 272 1 20 10000000000
g 672 272 672 304 0
w 576 272 576 208 0
w 576 208 736 208 0
w 272 224 272 304 0
w 224 240 224 224 0
w 160 240 224 240 0
w 224 176 160 176 0
w 224 192 224 176 0
160 320 208 224 208 1 20 10000000000
R 160 240 96 240 0 0 40 2.3 0 0 0.5
w 272 400 272 304 0
r 320 208 320 288 0 390
g 320 288 320 320 0
c 384 208 384 288 0 2.2e-10 1.7947755295549346
g 384 288 384 320 0
o 5 8 0 13058 3.1309626729124274 0.0001 0 2 5 3
o 6 8 0 4354 5 0.00009765625 0 2 6 3
o 9 8 0 4354 5 0.1 1 1
